Epoch	AverageEpRet	StdEpRet	MaxEpRet	MinEpRet	AverageTestEpRet	StdTestEpRet	MaxTestEpRet	MinTestEpRet	EpLen	TestEpLen	TotalEnvInteracts	AverageQ1Vals	StdQ1Vals	MaxQ1Vals	MinQ1Vals	AverageQ2Vals	StdQ2Vals	MaxQ2Vals	MinQ2Vals	AverageLogPi	StdLogPi	MaxLogPi	MinLogPi	LossPi	LossQ	Time
1	-706.19855	439.04736	-92.72491	-1426.2185	-107.10836	3.46505	-103.1635	-116.311676	30.738462	14.0	3999	-119.74149	71.738846	43.693935	-410.0913	-119.753	71.76136	27.908772	-414.62152	2.716203	3.8210292	21.883362	-12.143625	110.494415	367.7816	708.3410863876343
2	-171.95921	225.14948	-52.738018	-1429.7985	-152.14993	4.9068074	-141.99454	-160.91426	14.615385	15.2	7999	-143.1023	108.78414	111.82626	-508.565	-143.12354	108.82267	90.824875	-512.631	6.9657006	4.0025144	32.587704	-12.458069	124.271576	287.41	1657.2251334190369
3	-107.39511	47.20763	-44.47474	-273.1705	-54.57422	1.9526912	-52.568897	-57.781494	14.472924	11.0	11999	-99.51985	87.13832	60.41663	-530.9285	-99.51752	87.144295	63.39577	-529.6759	6.058744	4.072995	34.078087	-11.625805	87.71878	130.89201	2611.5402297973633
4	-55.601826	8.469818	-14.595355	-94.93644	-56.701447	5.1747336	-50.419094	-62.82953	10.191326	10.5	15999	-87.12497	75.082794	40.537785	-542.3516	-87.12434	75.07314	39.45718	-530.9301	5.3092294	4.011714	32.61291	-14.902302	78.441864	72.885345	3741.422409057617
5	-49.520496	6.1156507	-35.85631	-72.369385	-48.50414	2.5114424	-45.662636	-51.97412	10.09068	10.0	19999	-74.09611	67.7831	46.256897	-502.68286	-74.09761	67.7803	45.62167	-494.65988	4.5264697	4.107474	30.99433	-13.75497	67.465065	51.110657	4884.665490627289
6	-45.850018	4.7672324	-11.552583	-66.31931	-44.270313	1.0931808	-41.61595	-45.815063	10.017544	10.0	23999	-66.04114	64.45407	41.875687	-511.41873	-66.041275	64.45683	45.284603	-507.8401	3.7779646	4.1057396	30.759474	-13.415922	60.628624	43.209545	6025.102208137512
7	-44.69896	4.4101963	-26.898209	-63.327213	-43.495064	2.5753405	-39.750267	-45.89441	10.027569	10.0	27999	-60.68176	62.326717	45.073265	-542.4168	-60.682026	62.3267	52.83895	-534.0346	3.245134	4.0499578	29.181149	-15.092287	56.04439	35.111588	7173.062848329544
8	-44.73895	5.4042892	-23.221981	-67.53326	-44.742405	2.3029323	-42.31321	-48.384575	10.022556	10.0	31999	-56.17724	58.323166	50.959354	-537.2859	-56.17684	58.32596	56.421112	-530.4874	2.697707	4.0570407	33.95182	-13.926325	52.1465	29.946587	8329.172112464905
9	-43.20318	4.379591	-24.082066	-60.504093	-41.171104	2.2368135	-39.711494	-46.034977	10.042606	10.0	35999	-52.507225	55.071037	60.73548	-534.69183	-52.507225	55.075264	63.932537	-528.6301	2.2588472	4.080105	30.147308	-15.532225	48.923546	27.345558	9476.262886762619
10	-43.467075	4.948609	-5.0	-66.09044	-42.2651	2.5797598	-39.39346	-45.995285	10.025063	10.0	39999	-49.41179	52.46493	58.64217	-550.9901	-49.412315	52.46696	64.35981	-544.3996	1.9620736	3.9992661	29.089737	-13.507159	46.18993	25.887367	10617.703207015991
11	-42.39198	4.627933	-5.0	-60.24512	-38.36994	0.47525254	-37.645386	-39.356853	10.027638	10.0	43999	-47.348904	50.80921	56.407528	-558.8909	-47.349564	50.810444	57.59447	-560.33185	1.6871773	3.9517505	29.151297	-14.084658	44.41686	22.971869	11777.364379405975
12	-42.01457	3.8639495	-32.338486	-57.512825	-41.331207	0.53585476	-40.50165	-42.426575	10.0401	10.0	47999	-45.446964	49.611923	57.830994	-570.54565	-45.446957	49.614952	64.64676	-568.1121	1.449623	3.9363916	30.351164	-14.135937	42.727108	21.30767	12924.812727451324
13	-41.611473	3.7625866	-8.829718	-55.027706	-37.144382	0.5552795	-36.350956	-38.16272	10.02005	10.0	51999	-43.98866	48.454784	49.678444	-598.43695	-43.98848	48.457264	57.287445	-599.72125	1.2454784	3.9231606	36.321743	-14.356621	41.43911	20.706907	14073.298176050186
14	-41.1352	3.5729892	-14.578202	-53.53419	-37.764236	0.28348124	-37.171238	-38.07407	10.027569	10.0	55999	-42.87386	47.31783	61.86435	-651.46826	-42.874054	47.32465	65.110916	-640.7696	1.1109916	3.8906202	32.976707	-16.044851	40.45893	19.319616	15226.095610618591
15	-40.468544	3.6872327	-10.906222	-56.112972	-36.21257	0.49716747	-35.532825	-37.0869	10.017544	10.0	59999	-41.4771	45.676514	72.82044	-623.42926	-41.475876	45.68121	75.58756	-632.2143	1.000028	3.8321774	29.24741	-13.168086	39.21793	18.754208	16374.39335346222
16	-40.40848	3.56749	-24.176874	-54.092476	-38.24125	0.564806	-37.29889	-39.182182	10.042606	10.0	63999	-40.564533	45.803127	77.16452	-656.9697	-40.56471	45.803528	81.67301	-627.47925	0.83973724	3.8018417	31.087208	-14.59963	38.414055	17.603968	17524.658671617508
17	-40.395844	3.7776277	-5.0	-54.320053	-37.913445	0.4126223	-37.22046	-38.67691	10.017544	10.0	67999	-39.521114	44.516964	72.314255	-611.53326	-39.52113	44.519295	78.26103	-607.5729	0.7223641	3.7834826	29.493866	-13.694283	37.42661	16.675457	18673.244084119797
18	-39.694714	3.569431	-7.8595057	-52.894352	-39.5075	0.53712225	-38.576088	-40.249916	10.037688	10.0	71999	-38.318886	41.40149	72.88731	-587.9247	-38.31865	41.405937	74.55771	-574.1657	0.5829057	3.738851	28.96283	-13.987738	36.367695	14.860699	19815.155319690704
19	-38.963474	2.9089081	-26.46075	-50.74749	-36.556854	0.38562107	-35.950127	-37.140472	10.035088	10.0	75999	-37.46069	40.798138	82.528786	-593.0111	-37.459793	40.80045	80.77408	-588.34973	0.45461082	3.6902933	31.101477	-14.834802	35.58579	14.123434	20955.004366874695
20	-39.20301	3.426298	-16.077614	-51.934174	-36.12547	0.521514	-35.313404	-37.084255	10.030075	10.0	79999	-36.823914	40.477764	75.26485	-636.6019	-36.823414	40.48039	79.65491	-621.977	0.3902592	3.6359181	29.99137	-15.725805	35.01635	13.856106	22098.28816342354
21	-38.974213	3.704982	-6.180079	-51.971966	-35.683292	0.60198843	-35.060894	-37.046875	10.035176	10.0	83999	-36.09253	39.36923	74.44511	-617.7331	-36.092976	39.368866	76.59919	-628.39575	0.31418872	3.6412644	33.319126	-15.815107	34.335663	13.382503	23241.1930873394
22	-38.564304	3.0518506	-28.71331	-50.596077	-34.98294	0.5566551	-34.13739	-36.19109	10.032581	10.0	87999	-35.40413	38.466785	96.99675	-591.14685	-35.403263	38.468872	101.273636	-580.94275	0.2558058	3.6577518	32.447235	-13.339535	33.727383	13.552613	24386.236970186234
23	-38.41038	3.2778459	-15.1598425	-52.43261	-32.837486	0.2672564	-32.265457	-33.261093	10.045226	10.0	91999	-35.067894	38.691326	101.60988	-607.00635	-35.06732	38.69234	96.87274	-610.5361	0.26909623	3.6470683	33.32126	-14.800549	33.38633	13.56904	25540.65460395813
24	-37.997494	2.6913393	-28.601324	-47.90084	-35.718914	0.36175153	-35.113583	-36.192604	10.02005	10.0	95999	-34.162918	36.608734	101.239174	-623.00244	-34.16262	36.607555	103.76478	-625.6249	0.2438662	3.6018276	31.428783	-14.586089	32.53844	12.376904	26686.29413294792
25	-38.23028	3.1717784	-26.63863	-54.57097	-32.813545	0.39564338	-32.349163	-33.657185	10.045113	10.0	99999	-33.553593	34.916748	104.98157	-610.91284	-33.55271	34.919056	105.391365	-598.7105	0.14185748	3.6178484	33.866135	-13.632141	31.968378	11.787457	27842.687799692154
26	-37.89871	3.593605	-4.518546	-58.752544	-34.405926	0.5232441	-33.802074	-35.70921	10.017544	10.0	103999	-32.99214	34.066578	111.857346	-598.0396	-32.99141	34.062283	116.42933	-583.2071	0.06499817	3.6288478	31.676453	-13.787469	31.468187	11.557709	28995.95236849785
27	-38.076897	3.548827	-10.7239275	-54.071587	-34.144283	0.41356564	-33.517933	-35.12474	10.042713	10.0	107999	-32.73972	33.60336	113.70636	-576.37463	-32.739056	33.604908	114.61732	-560.40924	0.055485502	3.6083486	32.58355	-14.3503475	31.234852	11.254157	30147.288353681564
28	-37.505096	3.1182535	-24.77957	-53.438454	-34.467186	0.55598766	-33.19057	-35.389626	10.088161	10.0	111999	-32.399624	33.505875	83.137764	-576.0527	-32.398777	33.505264	82.32464	-589.8383	-0.039846722	3.5433836	38.58492	-13.606872	30.949223	11.464896	31290.700555086136
29	-37.291485	3.3190615	-6.1452546	-53.919464	-34.43595	0.5729372	-33.67211	-35.639984	10.050251	10.0	115999	-32.07086	33.756058	134.30905	-606.44147	-32.070045	33.754787	128.97687	-603.9812	0.016054302	3.588241	35.293236	-13.034874	30.658947	11.748336	32437.398967266083
30	-37.427464	3.405873	-5.8507104	-50.16314	-33.267006	0.4716578	-32.685535	-34.213238	10.057935	10.0	119999	-31.764297	33.237762	113.87346	-552.181	-31.763735	33.237812	105.03294	-549.4047	-0.033652134	3.5921924	37.357983	-13.593855	30.380465	11.296513	33577.189895153046
