Epoch	AverageEpRet	StdEpRet	MaxEpRet	MinEpRet	AverageTestEpRet	StdTestEpRet	MaxTestEpRet	MinTestEpRet	EpLen	TestEpLen	TotalEnvInteracts	AverageQ1Vals	StdQ1Vals	MaxQ1Vals	MinQ1Vals	AverageQ2Vals	StdQ2Vals	MaxQ2Vals	MinQ2Vals	AverageLogPi	StdLogPi	MaxLogPi	MinLogPi	LossPi	LossQ	Time
1	-707.80115	280.5051	-288.01483	-1909.178	-717.40295	158.27707	-491.94736	-977.24023	21.0582	24.1	3999	-167.38727	97.60767	0.12954122	-648.2773	-167.41031	97.55062	0.026198834	-643.2069	3.918815	4.507605	31.73983	-12.860157	154.03256	1031.1299	804.1164948940277
2	-421.9556	233.43602	13.786528	-1471.5009	-200.33434	15.841133	-178.35887	-224.53767	23.098267	30.2	7999	-227.76492	106.76309	57.235832	-659.26953	-227.76938	106.91707	98.79916	-665.3318	8.177208	4.306291	38.10512	-11.57556	204.37709	792.6449	1606.5540511608124
3	-312.7131	133.15488	-6.738461	-979.1275	-331.73712	125.797745	-100.30715	-566.38965	33.258335	43.2	11999	-185.76431	93.6675	38.69028	-626.0823	-185.76974	93.71149	46.091022	-641.23004	8.017122	4.4445376	41.27935	-15.417427	169.10788	303.77737	2350.4516282081604
4	-126.57801	101.38897	295.12122	-367.44522	-172.78464	13.231379	-155.8789	-190.32855	22.942858	28.3	15999	-181.03638	80.108795	36.14429	-599.27094	-181.03831	80.13425	21.78139	-619.8326	6.9910083	4.155528	35.06518	-11.646329	168.72778	218.22978	3168.3295187950134
5	-236.76797	163.46658	280.65552	-692.55414	99.447235	27.977755	157.46385	68.883156	27.41096	26.4	19999	-162.23851	78.124374	69.16082	-577.93805	-162.23746	78.17483	64.11606	-596.0388	7.0526233	3.9956717	37.29484	-12.841616	151.31053	249.81757	3935.460461139679
6	71.26627	138.68794	548.91156	-145.94363	203.34084	137.64598	412.0454	81.10301	22.038462	23.0	23999	-155.98517	83.86113	23.815617	-598.71295	-155.98364	83.89405	23.064444	-599.8489	7.240424	3.867856	33.067116	-10.733458	145.88486	228.86952	4757.043169975281
7	252.7688	340.19513	1297.1816	-134.04985	-6.1860533	31.015316	56.403965	-39.275013	26.925676	32.3	27999	-128.67249	98.884285	130.5481	-610.501	-128.67513	98.88702	127.21802	-602.4023	7.8077145	4.053313	33.142433	-14.167199	117.669014	275.5139	5537.739879369736
8	606.28424	824.8909	3256.4246	-431.76535	-27.667847	241.02287	471.72058	-333.02893	42.734043	61.0	31999	-64.07641	151.8896	327.20706	-610.8697	-64.08414	151.8228	325.80347	-621.11664	9.064216	4.4579625	36.827484	-11.53365	47.34937	505.25803	6270.438343763351
9	1439.7737	1365.0719	7173.061	-200.4716	2959.1958	1543.8049	5195.8193	1557.1808	59.742424	61.0	35999	83.73282	268.5931	665.62756	-615.10333	83.72295	268.58566	666.8985	-619.13586	10.552341	4.9080715	46.337982	-11.402106	-111.76289	866.5471	6960.119735240936
10	2404.0303	2623.2832	9542.998	-45.87966	2189.276	1676.2997	3558.4443	122.35666	60.89394	61.0	39999	315.9193	416.00433	1073.2928	-589.6603	315.8821	415.99826	1067.1709	-605.2544	11.750564	5.3551016	48.21573	-11.83212	-357.39206	1730.5088	7651.392072200775
11	3481.5366	2502.3376	9543.289	-207.49582	1401.3766	728.0844	1975.1351	-38.885174	60.81818	61.0	43999	639.4371	579.9185	1535.9218	-616.5082	639.309	579.98444	1531.0104	-643.08813	13.082157	5.594698	63.447933	-10.592265	-696.30194	3306.0193	8342.753672361374
12	4252.6685	2587.4915	9554.324	-78.76191	1066.1942	41.928383	1090.1859	980.1489	60.969696	61.0	47999	1008.1761	774.83813	2235.5505	-684.016	1008.12427	774.8164	2233.7249	-681.28485	13.97619	5.4016128	66.70325	-8.11252	-1075.538	4469.06	9035.037717580795
13	2580.2612	2486.5054	9544.745	-156.2668	4403.1533	1242.4586	6301.3184	3589.2637	60.8	61.0	51999	1401.6613	1013.13654	2809.6528	-640.7372	1401.6353	1013.11176	2810.4338	-680.3607	14.932927	5.3684306	67.19616	-7.4431944	-1487.7225	5519.357	9727.799928665161
14	1430.1595	1756.647	6574.9194	-154.56207	1719.949	323.83728	2006.5647	1326.3168	60.984848	61.0	55999	1703.2501	1170.6301	3022.9229	-605.5153	1703.2473	1170.619	3009.4153	-631.8703	15.441311	5.837926	98.183495	-8.730393	-1791.4131	6492.327	10419.616765737534
15	3918.7495	2540.039	9558.14	-133.41414	17.169632	69.936226	112.85517	-44.40615	60.863636	61.0	59999	1640.953	1150.2281	3016.407	-635.05225	1640.9265	1150.1943	3002.7898	-726.8229	15.154967	5.61876	70.34198	-6.2422	-1713.9065	6475.5195	11109.159455060959
16	5061.794	2423.125	9270.861	-15.086879	9283.39	3.3595076	9286.415	9279.14	60.83077	61.0	63999	1578.3622	1069.7286	2916.5508	-585.2	1578.3474	1069.7245	2909.031	-662.16406	15.524583	5.4537864	93.677124	-6.5586624	-1651.5425	6733.4595	11797.437070608139
17	5826.066	2258.5632	9562.835	820.289	7992.6133	270.1513	8496.235	7824.51	60.742424	60.0	67999	1681.3959	1045.79	2994.1138	-573.42706	1681.4623	1045.5205	2986.6465	-593.8191	16.071913	5.5423717	69.64935	-5.15493	-1756.6995	7089.725	12485.426045656204
18	7090.287	2293.0417	9566.391	795.32336	5628.763	529.4141	6277.607	5196.008	60.343285	60.0	71999	2022.2891	1180.2253	3688.3403	-524.5024	2022.3141	1179.9738	3683.985	-568.39343	16.557766	5.635023	75.278885	-3.855156	-2110.7002	8323.449	13175.689324378967
19	5286.508	1550.3501	9191.028	1390.6117	5981.872	405.35977	6573.233	5461.9546	60.090908	60.0	75999	2458.318	1385.825	4302.0063	-538.2805	2458.321	1385.6455	4295.09	-655.53046	17.220867	5.5845795	113.27857	-3.3871841	-2556.5315	8837.19	13864.413805484772
20	6354.7373	2065.1118	9561.091	1877.8033	9549.524	0.91262877	9551.058	9548.755	60.0597	60.0	79999	2822.808	1563.0459	4683.8584	-606.92377	2822.8428	1562.8431	4683.5117	-534.8263	17.53068	5.961388	92.071236	-3.474781	-2928.528	9012.198	14553.043029546738
21	8390.727	1726.4973	9578.994	811.85156	6682.0127	153.75967	6784.5933	6444.2285	60.439392	61.0	83999	3127.5332	1576.2499	4983.111	-867.6156	3127.7817	1576.0984	4972.161	-1017.10236	19.660322	10.161991	216.18365	-2.5848432	-3247.7886	19376.383	15243.609888076782
22	6899.2183	1663.8258	9561.02	603.1887	8118.646	162.93411	8463.387	7858.2397	60.590908	60.4	87999	3497.2588	1496.6248	5283.733	-1966.2596	3497.271	1497.6384	5250.6323	-1931.615	19.453634	9.545186	164.09525	-2.0531528	-3609.4985	36861.34	15933.188116312027
23	8879.413	1069.7311	9557.964	3965.3267	9542.411	0.23655298	9542.665	9541.997	60.272728	60.0	91999	3561.5156	1762.4081	5520.3726	-1946.8407	3561.5044	1762.3174	5527.075	-1994.2555	19.257557	9.022656	209.42775	-3.9800363	-3674.4094	17692.348	16620.14992260933
24	9164.253	1032.1195	9560.527	2298.984	9508.822	0.40285802	9509.449	9508.105	60.044777	60.0	95999	3766.8674	1807.0417	6724.3223	-1601.2236	3766.8513	1806.9095	6934.5464	-1609.3927	20.086678	10.112525	164.22827	-0.20068169	-3889.395	21212.535	17307.341888427734
25	1114.0413	3096.7573	9532.143	-1150.6335	-547.2833	47.45226	-502.56342	-609.87585	31.062016	22.2	99999	4348.1426	2011.7041	9389.381	-3185.7393	4348.1045	2011.5167	9324.316	-3087.7405	24.908167	13.813839	219.84338	-0.32855225	-4548.352	36497.496	18040.92827296257
26	-489.89307	803.00543	2964.1208	-1461.6024	-706.69226	12.522857	-689.9304	-727.6634	41.822918	61.0	103999	4604.3003	2510.054	8958.34	-3458.315	4604.3066	2509.6912	8948.067	-3555.1423	20.810278	9.182091	145.26129	-0.017891645	-4759.913	36673.723	18771.063322544098
27	3213.1362	2774.4805	7495.27	-667.905	6546.618	204.61374	6870.91	6285.313	59.671642	60.0	107999	4125.7637	2292.3447	7574.9263	-1874.15	4125.7515	2292.3442	7611.263	-1731.6927	20.339472	8.106252	157.02606	-0.044060707	-4265.1074	20348.95	19462.585604190826
28	8865.242	1162.0251	9568.937	5437.7505	9529.746	0.70172864	9530.595	9528.627	60.015152	60.0	111999	3810.2717	2067.1936	6495.895	-1328.8789	3810.2612	2067.0894	6517.215	-1424.331	19.506248	7.1045423	120.17558	0.3842759	-3924.8123	14732.647	20151.57488679886
29	9081.531	926.9544	9554.241	5976.2505	9543.791	0.5356217	9544.792	9543.03	60.014927	60.0	115999	3771.044	2022.6168	5946.289	-1121.9275	3771.04	2022.3684	5920.1797	-1128.8344	19.326078	6.3664393	152.13223	0.5093689	-3884.6384	13196.823	20843.083515167236
30	9347.811	736.94324	9556.688	5455.9653	9543.254	0.6788514	9544.153	9542.244	60.0	60.0	119999	3882.0256	2104.7297	6176.6084	-841.55347	3882.0188	2104.6492	6173.4785	-854.86285	19.105724	5.819739	130.78659	-2.0111513	-3994.4238	12022.548	21532.817415475845
