3.000000000000000000e+02 4.000000000000000000e+02 1.200000000000000000e+02
2.962501483327399683e+02 3.999683556821327670e+02 1.210011471065226800e+02
2.925477631422807576e+02 3.998734227285313523e+02 1.219920098097385477e+02
2.888928444286223112e+02 3.997152011391954147e+02 1.229725881096475604e+02
2.852853921917645721e+02 3.994936909141251817e+02 1.239428820062497607e+02
2.817254064317075972e+02 3.992088920533207101e+02 1.249028914995451061e+02
2.782128871484513866e+02 3.988608045567817726e+02 1.258526165895336533e+02
2.747478343419959970e+02 3.984494284245085396e+02 1.267920572762153597e+02
2.713302480123413147e+02 3.979747636565009543e+02 1.277212135595901970e+02
2.679601281594873399e+02 3.974368102527589599e+02 1.286400854396582361e+02
2.646374747834341861e+02 3.968355682132827269e+02 1.295486729164194344e+02
2.613622878841817965e+02 3.961710375380720848e+02 1.304469759898738062e+02
2.581345674617301711e+02 3.954432182271271472e+02 1.313349946600213798e+02
2.549543135160792815e+02 3.946521102804478005e+02 1.322127289268620700e+02
2.518215260472291561e+02 3.937977136980341015e+02 1.330801787903959621e+02
2.487362050551797950e+02 3.928800284798861071e+02 1.339373442506229992e+02
2.456983505399311696e+02 3.918990546260037604e+02 1.347842253075432382e+02
2.427079625014833368e+02 3.908547921363870046e+02 1.356208219611565937e+02
2.397650409398362399e+02 3.897472410110360101e+02 1.364471342114631511e+02
2.368695858549899356e+02 3.885764012499506066e+02 1.372631620584628820e+02
2.340215972469443670e+02 3.873422728531308508e+02 1.380689055021557863e+02
2.312210751156995912e+02 3.860448558205766858e+02 1.388643645425418356e+02
2.284680194612554942e+02 3.846841501522882254e+02 1.396495391796210583e+02
2.257624302836122183e+02 3.832601558482655264e+02 1.404244294133934829e+02
2.231043075827696782e+02 3.817728729085084183e+02 1.411890352438590526e+02
2.204936513587279308e+02 3.802223013330169579e+02 1.419433566710177956e+02
2.179304616114868907e+02 3.786084411217911452e+02 1.426873936948696837e+02
2.154147383410466716e+02 3.769312922748309234e+02 1.434211463154147737e+02
2.129464815474071600e+02 3.751908547921364629e+02 1.441446145326530086e+02
2.105256912305684409e+02 3.733871286737075366e+02 1.448577983465843886e+02
2.081523673905304577e+02 3.715201139195443716e+02 1.455606977572089988e+02
2.058265100272932386e+02 3.695898105296467975e+02 1.462533127645267257e+02
2.035481191408567838e+02 3.675962185040149279e+02 1.469356433685376544e+02
2.013171947312210932e+02 3.655393378426485924e+02 1.476076895692417281e+02
1.991337367983861668e+02 3.634191685455480751e+02 1.482694513666390037e+02
1.969977453423519762e+02 3.612357106127130919e+02 1.489209287607293959e+02
1.949092203631185782e+02 3.589889640441438701e+02 1.495621217515130184e+02
1.928681618606859161e+02 3.566789288398402391e+02 1.501930303389897574e+02
1.908745698350540181e+02 3.543056049998021990e+02 1.508136545231596983e+02
1.889284442862228843e+02 3.518689925240298635e+02 1.514239943040227843e+02
1.870297852141925148e+02 3.493690914125232894e+02 1.520240496815791005e+02
1.851785926189628810e+02 3.468059016652823061e+02 1.526138206558285049e+02
1.833748665005340115e+02 3.441794232823069137e+02 1.531933072267711111e+02
1.816186068589059346e+02 3.414896562635972259e+02 1.537625093944068624e+02
1.799098136940785650e+02 3.387366006091531290e+02 1.543214271587358439e+02
1.782484870060519881e+02 3.359202563189747934e+02 1.548700605197579421e+02
1.766346267948262039e+02 3.330406233930620488e+02 1.554084094774732137e+02
1.750682330604011270e+02 3.300977018314149518e+02 1.559364740318816587e+02
1.735493058027767574e+02 3.270914916340334457e+02 1.564542541829832771e+02
1.720778450219532374e+02 3.240219928009176442e+02 1.569617499307780690e+02
1.706538507179304531e+02 3.208892053320675473e+02 1.574589612752660059e+02
1.692773228907084331e+02 3.176931292274830412e+02 1.579458882164471447e+02
1.679482615402871488e+02 3.144337644871642397e+02 1.584225307543214285e+02
1.666666666666666572e+02 3.111111111111110858e+02 1.588888888888889142e+02
1.654325382698469298e+02 3.077251690993235798e+02 1.593449626201495164e+02
1.642458763498279382e+02 3.042759384518017214e+02 1.597907519481033205e+02
1.631066809066096823e+02 3.007634191685454539e+02 1.602262568727502696e+02
1.620149519401922475e+02 2.971876112495549478e+02 1.606514773940904206e+02
1.609706894505755201e+02 2.935485146948301463e+02 1.610664135121237450e+02
1.599738934377595569e+02 2.898461295043708219e+02 1.614710652268501860e+02
1.590245639017443864e+02 2.860804556781772590e+02 1.618654325382698573e+02
1.581227008425299516e+02 2.822514932162494006e+02 1.622495154463826452e+02
1.572683042601162811e+02 2.783592421185870762e+02 1.626233139511886350e+02
1.564613741545033747e+02 2.744037023851903996e+02 1.629868280526877982e+02
1.557019105256912326e+02 2.703848740160594843e+02 1.633400577508800779e+02
1.549899133736798262e+02 2.663027570111942168e+02 1.636830030457656164e+02
1.543253826984692125e+02 2.621573513705944833e+02 1.640156639373442431e+02
1.537083185000593346e+02 2.579486570942604544e+02 1.643380404256160716e+02
1.531387207784502209e+02 2.536766741821921869e+02 1.646501325105811020e+02
1.526165895336418714e+02 2.493414026343894250e+02 1.649519401922392206e+02
1.521419247656342577e+02 2.449428424508523676e+02 1.652434634705905694e+02
1.517147264744274366e+02 2.404809936315809864e+02 1.655247023456350632e+02
1.513349946600213514e+02 2.359558561765752529e+02 1.657956568173727305e+02
1.510027293224160303e+02 2.313674300858351671e+02 1.660563268858035713e+02
1.507179304616115019e+02 2.267157153593607291e+02 1.663067125509275854e+02
1.504805980776076808e+02 2.220007119971519955e+02 1.665468138127447446e+02
1.502907321704046524e+02 2.172224199992088529e+02 1.667766306712550772e+02
1.501483327400023882e+02 2.123808393655314717e+02 1.669961631264586117e+02
1.500533997864008597e+02 2.074759700961196529e+02 1.672054111783552912e+02
1.500059333096000955e+02 2.025078121909734818e+02 1.674043748269451157e+02
1.500059333096000955e+02 1.974763656500929301e+02 1.675930540722281421e+02
1.500533997864008597e+02 1.923816304734781113e+02 1.677714489142043419e+02
1.501483327400023882e+02 1.872236066611289402e+02 1.679395593528737152e+02
1.502907321704046524e+02 1.820022942130453885e+02 1.680973853882362050e+02
1.504805980776076808e+02 1.767176931292274560e+02 1.682449270202919251e+02
1.507179304616115019e+02 1.713698034096752281e+02 1.683821842490407903e+02
1.510027293224160303e+02 1.659586250543886763e+02 1.685091570744828005e+02
1.513349946600213514e+02 1.604841580633677722e+02 1.686258454966180125e+02
1.517147264744274366e+02 1.549464024366125159e+02 1.687322495154463695e+02
1.521419247656342577e+02 1.493453581741229073e+02 1.688283691309679284e+02
1.526165895336418714e+02 1.436810252758989463e+02 1.689142043431826323e+02
1.531387207784502209e+02 1.379534037419406047e+02 1.689897551520905097e+02
1.537083185000593346e+02 1.321624935722479677e+02 1.690550215576915321e+02
1.543253826984692125e+02 1.263082947668209499e+02 1.691100035599857563e+02
1.549899133736798262e+02 1.203908073256596083e+02 1.691547011589731540e+02
1.557019105256912326e+02 1.144100312487639428e+02 1.691891143546536966e+02
1.564613741545034031e+02 1.083659665361337545e+02 1.692132431470274128e+02
1.572683042601163095e+02 1.022586131877693845e+02 1.692270875360943023e+02
1.581227008425299800e+02 9.608797120367066213e+01 1.692306475218543369e+02
1.590245639017443864e+02 8.985404058383758752e+01 1.692239231043075733e+02
1.599738934377596138e+02 8.355682132827013220e+01 1.692069142834539832e+02
1.609706894505755486e+02 7.719631343696838144e+01 1.691796210592935381e+02
1.620149519401922475e+02 7.077251690993227839e+01 1.691420434318262664e+02
1.631066809066097107e+02 6.428543174716182307e+01 1.690941814010521966e+02
1.642458763498279382e+02 5.773505794865701546e+01 1.690360349669712150e+02
1.654325382698469298e+02 5.112139551441785557e+01 1.689676041295834921e+02
1.666666666666666856e+02 4.444444444444440023e+01 1.688888888888889142e+02
1.679482615402872057e+02 3.770420473873653577e+01 1.687998892448874813e+02
1.692773228907084615e+02 3.090067639729431903e+01 1.687006051975791934e+02
1.706538507179304816e+02 2.403385942011777843e+01 1.685910367469641074e+02
1.720778450219532658e+02 1.710375380720691396e+01 1.684711838930422232e+02
1.735493058027767859e+02 1.011035955856169721e+01 1.683410466358134556e+02
1.750682330604010986e+02 3.053676674182128181e+00 1.682006249752778899e+02
1.766346267948261755e+02 -4.066294845931821555e+00 1.680499189114354692e+02
1.782484870060519881e+02 -1.124955500178003831e+01 1.678889284442862220e+02
1.799098136940785650e+02 -1.849610379336266419e+01 1.677176535738301482e+02
1.816186068589059062e+02 -2.580594122067961393e+01 1.675360943000672478e+02
1.833748665005340115e+02 -3.317906728373094438e+01 1.673442506229974924e+02
1.851785926189628526e+02 -4.061548198251659869e+01 1.671421225426209389e+02
1.870297852141925148e+02 -4.811518531703657686e+01 1.669297100589375304e+02
1.889284442862228559e+02 -5.567817728729087889e+01 1.667070131719473238e+02
1.908745698350539897e+02 -6.330445789327959005e+01 1.664740318816502622e+02
1.928681618606859161e+02 -7.099402713500262507e+01 1.662307661880463456e+02
1.949092203631185782e+02 -7.874688501246001238e+01 1.659772160911356309e+02
1.969977453423519762e+02 -8.656303152565175196e+01 1.657133815909180612e+02
1.991337367983861668e+02 -9.444246667457781541e+01 1.654392626873936933e+02
2.013171947312210648e+02 -1.023851904592382027e+02 1.651548593805624705e+02
2.035481191408567838e+02 -1.103912028796329707e+02 1.648601716704244495e+02
2.058265100272932386e+02 -1.184605039357620626e+02 1.645551995569795452e+02
2.081523673905304577e+02 -1.265930936276255352e+02 1.642399430402278426e+02
2.105256912305684409e+02 -1.347889719552233601e+02 1.639144021201692851e+02
2.129464815474071600e+02 -1.430481389185555088e+02 1.635785767968039295e+02
2.154147383410466432e+02 -1.513705945176219814e+02 1.632324670701317189e+02
2.179304616114868907e+02 -1.597563387524228347e+02 1.628760729401526817e+02
2.204936513587279308e+02 -1.682053716229580118e+02 1.625093944068668179e+02
2.231043075827696782e+02 -1.767176931292275412e+02 1.621324314702740992e+02
2.257624302836122183e+02 -1.852933032712313661e+02 1.617451841303745823e+02
2.284680194612554942e+02 -1.939322020489696001e+02 1.613476523871682105e+02
2.312210751156995912e+02 -2.026343894624421864e+02 1.609398362406550405e+02
2.340215972469443670e+02 -2.113998655116491250e+02 1.605217356908350155e+02
2.368695858549899356e+02 -2.202286301965903590e+02 1.600933507377081639e+02
2.397650409398362399e+02 -2.291206835172659737e+02 1.596546813812744858e+02
2.427079625014833368e+02 -2.380760254736759123e+02 1.592057276215339527e+02
2.456983505399311696e+02 -2.470946560658202316e+02 1.587464894584865931e+02
2.487362050551797950e+02 -2.561765752936988747e+02 1.582769668921324353e+02
2.518215260472291561e+02 -2.653217831573118701e+02 1.577971599224714225e+02
2.549543135160792815e+02 -2.745302796566592178e+02 1.573070685495035832e+02
2.581345674617301711e+02 -2.838020647917409178e+02 1.568066927732289173e+02
2.613622878841817965e+02 -2.931371385625569133e+02 1.562960325936473964e+02
2.646374747834341861e+02 -3.025355009691072610e+02 1.557750880107590490e+02
2.679601281594873399e+02 -3.119971520113919610e+02 1.552438590245639034e+02
2.713302480123413147e+02 -3.215220916894110132e+02 1.547023456350619028e+02
2.747478343419959970e+02 -3.311103200031644747e+02 1.541505478422530757e+02
2.782128871484513866e+02 -3.407618369526521747e+02 1.535884656461374220e+02
2.817254064317075972e+02 -3.504766425378743406e+02 1.530160990467149418e+02
2.852853921917645721e+02 -3.602547367588307452e+02 1.524334480439856065e+02
2.888928444286223112e+02 -3.700961196155215021e+02 1.518405126379494448e+02
2.925477631422807576e+02 -3.800007911079467249e+02 1.512372928286064564e+02
2.962501483327399683e+02 -3.899687512361061295e+02 1.506237886159566415e+02
3.000000000000000000e+02 -4.000000000000000000e+02 1.500000000000000000e+02
---
1.200000000000000000e+02 3.000000000000000000e+02 2.000000000000000000e+02
1.188655512044618519e+02 2.967501285550413286e+02 1.977263557612436102e+02
1.177263557612436244e+02 2.935413947233099634e+02 1.954337249317669318e+02
1.165824136703453036e+02 2.903737985048060182e+02 1.931221075115699364e+02
1.154337249317669603e+02 2.872473398995293223e+02 1.907915035006526807e+02
1.142802895455084808e+02 2.841620189074799327e+02 1.884419128990150796e+02
1.131221075115699506e+02 2.811178355286578494e+02 1.860733357066571614e+02
1.119591788299513553e+02 2.781147897630631860e+02 1.836857719235789830e+02
1.107915035006526665e+02 2.751528816106958288e+02 1.812792215497804875e+02
1.096190815236738985e+02 2.722321110715556642e+02 1.788536845852616466e+02
1.084419128990150654e+02 2.693524781456429764e+02 1.764091610300225739e+02
1.072599976266761672e+02 2.665139828329575380e+02 1.739456508840631557e+02
1.060733357066571898e+02 2.637166251334994627e+02 1.714631541473834204e+02
1.048819271389581047e+02 2.609604050472686936e+02 1.689616708199833965e+02
1.036857719235789830e+02 2.582453225742652307e+02 1.664412009018630840e+02
1.024848700605197678e+02 2.555713777144891594e+02 1.639017443930224545e+02
1.012792215497804733e+02 2.529385704679403375e+02 1.613433012934615078e+02
1.000688263913610996e+02 2.503469008346189071e+02 1.587658716031802726e+02
9.885368458526167501e+01 2.477963688145247545e+02 1.561694553221787203e+02
9.763379613148215697e+01 2.452869744076579366e+02 1.535540524504568793e+02
9.640916103002255966e+01 2.428187176140184533e+02 1.509196629880147498e+02
9.517977928088289730e+01 2.403915984336063048e+02 1.482662869348522747e+02
9.394565088406312725e+01 2.380056168664214340e+02 1.455939242909694826e+02
9.270677583956330636e+01 2.356607729124639263e+02 1.429025750563664587e+02
9.146315414738342042e+01 2.333570665717337249e+02 1.401922392310430894e+02
9.021478580752345522e+01 2.310944978442308866e+02 1.374629168149994314e+02
8.896167081998339654e+01 2.288730667299552977e+02 1.347146078082354563e+02
8.770380918476327281e+01 2.266927732289071287e+02 1.319473122107511358e+02
8.644120090186306982e+01 2.245536173410862091e+02 1.291610300225466119e+02
8.517384597128278756e+01 2.224555990664926526e+02 1.263557612436217141e+02
8.390174439302245446e+01 2.203987184051264023e+02 1.235315058739765277e+02
8.262489616708199947e+01 2.183829753569874867e+02 1.206882639136110100e+02
8.134330129346150784e+01 2.164083699220758774e+02 1.178260353625252321e+02
8.005695977216092274e+01 2.144749021003916312e+02 1.149448202207191088e+02
7.876587160318027259e+01 2.125825718919346912e+02 1.120446184881927394e+02
7.747003678651954317e+01 2.107313792967050574e+02 1.091254301649460103e+02
7.616945532217872028e+01 2.089213243147027583e+02 1.061872552509790069e+02
7.486412721015784655e+01 2.071524069459277939e+02 1.032300937462916863e+02
7.355405245045686513e+01 2.054246271903801642e+02 1.002539456508840772e+02
7.223923104307583287e+01 2.037379850480598407e+02 9.725881096475615095e+01
7.091966298801473556e+01 2.020924805189668518e+02 9.424468968790793610e+01
6.959534828527354478e+01 2.004881136031011692e+02 9.121158182033940420e+01
6.826628693485227473e+01 1.989248843004628213e+02 8.815948736205058367e+01
6.693247893675092541e+01 1.974027926110518081e+02 8.508840631304141766e+01
6.559392429096951105e+01 1.959218385348681011e+02 8.199833867331199144e+01
6.425062299750801742e+01 1.944820220719117287e+02 7.888928444286224817e+01
6.290257505636645874e+01 1.930833432221827195e+02 7.576124362169221627e+01
6.154978046754479948e+01 1.917258019856809881e+02 7.261421620980186731e+01
6.019223923104306806e+01 1.904093983624065345e+02 6.944820220719114445e+01
5.882995134686126448e+01 1.891341323523594724e+02 6.626320161386018981e+01
5.746291681499939585e+01 1.879000039555397166e+02 6.305921442980891101e+01
5.609113563545744796e+01 1.867070131719473238e+02 5.983624065503737199e+01
5.471460780823542791e+01 1.855551600015822089e+02 5.659428028954548751e+01
5.333333333333332149e+01 1.844444444444444287e+02 5.333333333333332149e+01
5.194731221075114291e+01 1.833748665005339831e+02 5.005339978640083132e+01
5.055654444048889218e+01 1.823464261698508722e+02 4.675447964874805251e+01
4.916103002254656928e+01 1.813591234523950391e+02 4.343657292037494955e+01
4.776076895692416713e+01 1.804129583481666259e+02 4.009967960128158637e+01
4.635576124362168571e+01 1.795079308571654622e+02 3.674379969146789193e+01
4.494600688263912502e+01 1.786440409793916331e+02 3.336893319093387333e+01
4.353150587397649929e+01 1.778212887148451387e+02 2.997508009967960163e+01
4.211225821763379429e+01 1.770396740635259789e+02 2.656224041770498445e+01
4.068826391361100292e+01 1.762991970254341254e+02 2.313041414501009285e+01
3.925952296190814650e+01 1.755998576005695782e+02 1.967960128159486999e+01
3.782603536252521081e+01 1.749416557889323940e+02 1.620980182745934428e+01
3.638780111546220297e+01 1.743245915905225161e+02 1.272101578260351573e+01
3.494482022071910876e+01 1.737486650053399728e+02 9.213243147027398550e+00
3.349709267829594950e+01 1.732138760333847642e+02 5.686483920730964314e+00
3.204461848819271097e+01 1.727202246746568619e+02 2.140738103714255658e+00
3.058739765040938607e+01 1.722677109291562942e+02 -1.423994304022798474e+00
2.912543016494600323e+01 1.718563347968830328e+02 -5.007713302480141238e+00
2.765871603180253402e+01 1.714860962778370777e+02 -8.610418891657786844e+00
2.618725525097899265e+01 1.711569953720185140e+02 -1.223211107155572108e+01
2.471104782247537557e+01 1.708690320794272282e+02 -1.587278984217398659e+01
2.323009374629167922e+01 1.706222064000633054e+02 -1.953245520351254072e+01
2.174439302242791427e+01 1.704165183339266605e+02 -2.321110715557136928e+01
2.025394565088406296e+01 1.702519678810173787e+02 -2.690874569835055752e+01
1.875875163166014659e+01 1.701285550413354031e+02 -3.062537083185000597e+01
1.725881096475614740e+01 1.700462798148807337e+02 -3.436098255606976437e+01
1.575412365017207250e+01 1.700051422016534275e+02 -3.811558087100983272e+01
1.424468968790791834e+01 1.700051422016534275e+02 -4.188916577667024654e+01
1.273050907796368492e+01 1.700462798148807337e+02 -4.568173727305092058e+01
1.121158182033937933e+01 1.701285550413354031e+02 -4.949329536015190456e+01
9.687907915035012252e+00 1.702519678810173787e+02 -5.332384003797317007e+01
8.159487362050555248e+00 1.704165183339266605e+02 -5.717337130651477395e+01
6.626320161386026086e+00 1.706222064000633054e+02 -6.104188916577665935e+01
5.088406313041417661e+00 1.708690320794272282e+02 -6.492939361575884050e+01
3.545745817016737078e+00 1.711569953720185140e+02 -6.883588465646137422e+01
1.998338673311977232e+00 1.714860962778371061e+02 -7.276136228788415394e+01
4.461848819271452271e-01 1.718563347968830328e+02 -7.670582651002727914e+01
-1.110715557137766041e+00 1.722677109291562942e+02 -8.066927732289067876e+01
-2.672362643882756572e+00 1.727202246746568619e+02 -8.465171472647443807e+01
-4.238756378307819261e+00 1.732138760333847642e+02 -8.865313872077842916e+01
-5.809896760412954109e+00 1.737486650053400012e+02 -9.267354930580276573e+01
-7.385783790198168219e+00 1.743245915905225161e+02 -9.671294648154737672e+01
-8.966417467663454488e+00 1.749416557889323940e+02 -1.007713302480123332e+02
-1.055179779280885555e+01 1.755998576005696350e+02 -1.048487006051976493e+02
-1.214192476563430034e+01 1.762991970254341254e+02 -1.089450575531031973e+02
-1.373679838613980664e+01 1.770396740635259789e+02 -1.130604010917290054e+02
-1.533641865432540285e+01 1.778212887148451387e+02 -1.171947312210751591e+02
-1.694078557019106768e+01 1.786440409793916615e+02 -1.213480479411416297e+02
-1.854989913373682242e+01 1.795079308571654622e+02 -1.255203512519284033e+02
-2.016375934496263511e+01 1.804129583481666259e+02 -1.297116411534354370e+02
-2.178236620386853417e+01 1.813591234523950959e+02 -1.339219176456628020e+02
-2.340571971045450894e+01 1.823464261698508722e+02 -1.381511807286104840e+02
-2.503381986472056298e+01 1.833748665005340115e+02 -1.423994304022784547e+02
-2.666666666666668561e+01 1.844444444444444571e+02 -1.466666666666666856e+02
-2.830426011629288752e+01 1.855551600015822373e+02 -1.509528895217753188e+02
-2.994660021359916868e+01 1.867070131719473238e+02 -1.552580989676041838e+02
-3.159368695858551490e+01 1.879000039555397734e+02 -1.595822950041533659e+02
-3.324552035125194749e+01 1.891341323523595008e+02 -1.639254776314228366e+02
-3.490210039159845223e+01 1.904093983624065629e+02 -1.682876468494126527e+02
-3.656342707962502914e+01 1.917258019856809597e+02 -1.726688026581227575e+02
-3.822950041533169241e+01 1.930833432221826911e+02 -1.770689450575531794e+02
-3.990032039871842073e+01 1.944820220719117287e+02 -1.814880740477038330e+02
-4.157588702978522832e+01 1.959218385348680727e+02 -1.859261896285748321e+02
-4.325620030853210807e+01 1.974027926110517797e+02 -1.903832918001661483e+02
-4.494126023495906708e+01 1.989248843004627929e+02 -1.948593805624777815e+02
-4.663106680906611956e+01 2.004881136031011408e+02 -1.993544559155097318e+02
-4.832562003085322999e+01 2.020924805189668518e+02 -2.038685178592619422e+02
-5.002491990032040547e+01 2.037379850480598122e+02 -2.084015663937344414e+02
-5.172896641746767443e+01 2.054246271903801357e+02 -2.129536015189272860e+02
-5.343775958229502265e+01 2.071524069459277939e+02 -2.175246232348404192e+02
-5.515129939480244303e+01 2.089213243147027583e+02 -2.221146315414738979e+02
-5.686958585498993557e+01 2.107313792967050290e+02 -2.267236264388275799e+02
-5.859261896285750026e+01 2.125825718919346627e+02 -2.313516079269016643e+02
-6.032039871840514422e+01 2.144749021003916027e+02 -2.359985760056959805e+02
-6.205292512163286034e+01 2.164083699220758774e+02 -2.406645306752106706e+02
-6.379019817254064861e+01 2.183829753569874583e+02 -2.453494719354456208e+02
-6.553221787112853747e+01 2.203987184051264023e+02 -2.500533997864008882e+02
-6.727898421739647006e+01 2.224555990664926526e+02 -2.547763142280764725e+02
-6.903049721134449612e+01 2.245536173410862091e+02 -2.595182152604723456e+02
-7.078675685297260145e+01 2.266927732289071002e+02 -2.642791028835885072e+02
-7.254776314228075762e+01 2.288730667299552977e+02 -2.690589770974249859e+02
-7.431351607926903569e+01 2.310944978442308582e+02 -2.738578379019817817e+02
-7.608401566393736459e+01 2.333570665717337249e+02 -2.786756852972588376e+02
-7.785926189628575855e+01 2.356607729124639263e+02 -2.835125192832562107e+02
-7.963925477631423178e+01 2.380056168664214056e+02 -2.883683398599739007e+02
-8.142399430402279847e+01 2.403915984336063048e+02 -2.932431470274119079e+02
-8.321348047941143022e+01 2.428187176140184533e+02 -2.981369407855702320e+02
-8.500771330248014124e+01 2.452869744076579366e+02 -3.030497211344488164e+02
-8.680669277322891730e+01 2.477963688145247545e+02 -3.079814880740477179e+02
-8.861041889165777263e+01 2.503469008346188787e+02 -3.129322416043669364e+02
-9.041889165776670723e+01 2.529385704679403375e+02 -3.179019817254064719e+02
-9.223211107155572108e+01 2.555713777144891310e+02 -3.228907084371662677e+02
-9.405007713302481420e+01 2.582453225742652876e+02 -3.278984217396463805e+02
-9.587278984217397237e+01 2.609604050472686936e+02 -3.329251216328468104e+02
-9.770024919900322402e+01 2.637166251334994627e+02 -3.379708081167675573e+02
-9.953245520351252651e+01 2.665139828329575948e+02 -3.430354811914086213e+02
-1.013694078557019083e+02 2.693524781456429764e+02 -3.481191408567699455e+02
-1.032111071555713835e+02 2.722321110715557211e+02 -3.532217871128515299e+02
-1.050575531031209238e+02 2.751528816106957720e+02 -3.583434199596534881e+02
-1.069087456983505575e+02 2.781147897630631860e+02 -3.634840393971757635e+02
-1.087646849412602421e+02 2.811178355286579063e+02 -3.686436454254182991e+02
-1.106253708318500060e+02 2.841620189074799327e+02 -3.738222380443811517e+02
-1.124908033701198633e+02 2.872473398995292655e+02 -3.790198172540643213e+02
-1.143609825560697715e+02 2.903737985048060182e+02 -3.842363830544677512e+02
-1.162359083896997873e+02 2.935413947233099634e+02 -3.894719354455915550e+02
-1.181155808710098540e+02 2.967501285550412717e+02 -3.947264744274355621e+02
-1.200000000000000000e+02 3.000000000000000000e+02 -4.000000000000000000e+02
---
