Epoch	AverageEpRet	StdEpRet	MaxEpRet	MinEpRet	AverageTestEpRet	StdTestEpRet	MaxTestEpRet	MinTestEpRet	EpLen	TestEpLen	TotalEnvInteracts	AverageQ1Vals	StdQ1Vals	MaxQ1Vals	MinQ1Vals	AverageQ2Vals	StdQ2Vals	MaxQ2Vals	MinQ2Vals	AverageLogPi	StdLogPi	MaxLogPi	MinLogPi	LossPi	LossQ	Time
1	-4072.6636	1228.577	-3193.1028	-10852.605	-23013.19	659.2793	-21347.568	-23404.418	66.0	66.0	3999	-214.90619	104.63169	0.15643641	-1196.8632	-214.8665	104.893616	3.2336884	-1228.4884	8.224545	4.3735375	39.30756	-11.692602	175.1815	2671.276	860.860107421875
2	-4013.9734	1024.1743	-3047.5151	-11169.764	-3279.0254	12.752742	-3254.7844	-3308.9756	66.0	66.0	7999	-284.8113	115.556465	-0.024857085	-1518.0004	-284.81052	115.78975	6.45014	-1540.0159	11.224915	3.8149083	39.087105	-9.44326	228.44257	2586.2659	1731.6805777549744
3	-4109.857	1690.4523	-2511.6875	-10256.497	-3211.8105	12.917779	-3189.9753	-3228.5283	66.0	66.0	11999	-350.39594	115.10229	14.901862	-1329.1296	-350.40448	115.10932	43.413784	-1359.5607	11.117449	4.036185	39.251335	-11.850735	298.2367	4073.3154	2599.90190243721
4	-5717.7695	5555.7476	-1995.2994	-20807.38	-2438.4387	6.070816	-2427.3535	-2447.1335	66.0	66.0	15999	-510.97656	220.98659	-50.117554	-2554.9417	-510.9602	220.98717	-25.599833	-2521.7676	11.119021	4.847722	47.174313	-7.1517553	464.0507	10795.85	3474.8177070617676
5	-4452.734	4266.3374	-1756.8297	-20243.38	-17370.682	737.2356	-16620.479	-18283.771	66.0	66.0	19999	-583.2399	233.83719	171.67104	-2564.4912	-583.2158	234.37595	175.91634	-2523.2097	11.787486	5.2378173	52.522396	-9.3313675	532.7786	11641.155	4348.78684425354
6	-5067.1772	5807.341	-2040.8717	-25287.545	-3105.297	673.0207	-2568.2642	-4593.169	66.0	66.0	23999	-602.9272	221.25912	135.41397	-2270.8264	-602.9296	221.8636	211.57156	-2287.7583	12.009996	4.81018	47.49218	-7.785573	549.7255	12871.428	5219.1974194049835
7	-3913.6106	3742.818	-2136.5723	-21436.352	-2605.7402	15.318476	-2574.9255	-2620.2856	66.0	66.0	27999	-622.4173	273.77484	169.13702	-3132.5032	-622.42096	274.27533	179.53377	-3105.8655	11.915543	4.409027	41.957886	-12.128307	568.5835	14588.429	6094.686956644058
8	-7666.311	5054.525	-2420.849	-19145.623	-2576.4973	8.042911	-2565.0862	-2589.703	66.0	66.0	31999	-685.2851	318.01062	240.33229	-3663.1562	-685.34766	317.9211	246.5179	-3629.905	11.83646	4.3914313	46.663456	-10.114603	631.5459	20234.58	6962.522721290588
9	-3230.0403	2075.1636	-2032.5381	-14192.071	-2271.0308	21.216682	-2249.941	-2331.2642	66.0	66.0	35999	-671.2734	312.3746	202.48523	-3268.9507	-671.2791	312.41162	168.41649	-3279.2913	12.18049	4.4795494	51.87669	-5.752114	612.18115	19549.584	7834.524928808212
10	-3334.7517	2529.3896	-1996.5906	-16687.504	-2809.2559	22.440708	-2774.0488	-2845.8696	66.0	66.0	39999	-647.06067	263.7745	155.29124	-2687.1787	-647.07715	264.03915	166.10931	-2669.8943	12.144258	4.4062233	55.647865	-5.9807525	590.64923	17403.637	8707.904510498047
11	-5177.5107	5427.0557	-2085.9192	-23751.498	-24387.01	9.563743	-24373.396	-24404.95	66.0	66.0	43999	-634.6843	249.0982	239.49754	-2682.6821	-634.71954	249.1846	241.54388	-2689.0227	12.234536	4.220008	47.867115	-7.607152	581.4686	16888.78	9577.697365760803
12	-7753.306	6568.2783	-2127.161	-23092.754	-2551.8022	35.197544	-2446.4917	-2567.7305	66.0	66.0	47999	-690.16425	276.67123	223.0709	-2767.4705	-690.1615	276.76294	262.92493	-2819.1172	11.884294	4.1468105	49.938995	-6.080743	637.2263	20929.164	10452.35062122345
13	-5107.942	4559.411	-1884.5353	-18961.49	-20778.348	134.3566	-20375.338	-20827.582	66.0	66.0	51999	-756.10114	263.38245	113.63336	-2952.512	-756.1022	263.26843	111.87896	-2944.9287	11.796202	3.9624014	47.969048	-5.328644	701.667	23355.812	11323.060521125793
14	-6397.3843	4971.873	-2067.6758	-24680.418	-9298.99	6214.3765	-2508.8708	-16670.875	66.0	66.0	55999	-789.3493	269.39624	51.517693	-2821.068	-789.3424	269.713	111.97326	-2807.1597	12.194368	4.005738	59.896496	-5.407057	731.5418	24902.41	12198.222202539444
15	-2876.5896	2310.8706	-1654.8296	-18640.268	-2676.9624	86.23041	-2449.7124	-2773.087	66.0	66.0	59999	-717.20526	264.16782	58.690002	-2536.5867	-717.2477	264.17743	92.64009	-2535.99	12.379189	3.935221	49.50392	-7.013895	654.6535	21991.775	13073.504831314087
16	-4981.0107	4275.4224	-2202.5857	-18524.955	-2361.0476	25.124832	-2330.8296	-2402.3433	66.0	66.0	63999	-688.3076	234.04857	117.97596	-2351.5266	-688.3444	234.03844	72.30613	-2389.6558	12.218278	3.7989902	55.572533	-5.4218764	630.7954	19492.168	13941.698481798172
17	-3290.1035	2480.243	-2103.5828	-14430.174	-4230.129	1697.9025	-2942.5964	-8708.894	66.0	66.0	67999	-723.26904	252.11583	124.17701	-2960.962	-723.2727	252.38005	81.81221	-2937.5405	12.098104	3.479537	72.77401	-5.9752855	668.8936	20467.924	14811.8088388443
18	-6046.247	4640.4536	-1803.5708	-19104.688	-1991.0778	33.763493	-1958.2604	-2069.274	66.0	66.0	71999	-754.22815	272.35715	121.27889	-2921.3047	-754.2147	272.59723	103.74966	-2952.8325	11.974373	3.4761906	57.648705	-7.133019	701.23596	21707.3	15677.403792619705
19	-5509.5474	4422.15	-1966.4413	-22249.09	-6624.478	1181.7726	-4652.0474	-8917.887	66.0	66.0	75999	-775.21106	266.5562	50.597397	-2867.446	-775.1847	266.58383	44.319298	-2879.3489	12.171027	3.6494238	54.022976	-6.228245	721.16113	23775.262	16546.765742063522
20	-4297.9907	3856.68	-1498.5022	-18371.852	-5536.172	294.11118	-5158.0903	-6010.3184	66.0	66.0	79999	-792.104	248.01225	64.52047	-2511.1853	-792.1326	247.94987	101.52928	-2496.4592	12.163378	3.5137687	46.245083	-5.658654	737.0291	24170.877	17413.4922850132
21	-4306.0776	3725.5078	-2170.376	-18813.775	-2525.9087	25.218859	-2474.7388	-2570.4514	66.0	66.0	83999	-811.75446	235.8711	-76.86332	-3779.981	-811.7601	235.93999	-119.44374	-3589.5293	12.130359	3.4077673	49.31487	-8.309792	757.8699	25319.63	18275.824410438538
22	-4327.493	3637.2546	-2028.5901	-17883.307	-2418.997	35.643307	-2335.2263	-2444.2666	66.0	66.0	87999	-821.56805	230.73318	-28.411459	-3849.427	-821.5412	231.12654	-61.09788	-3635.2107	12.221607	3.4110954	55.408905	-7.066209	768.2099	25326.477	19142.13027024269
23	-2316.5828	486.07077	-1816.1642	-5682.3193	-2163.9756	36.14151	-2147.4387	-2271.932	66.0	66.0	91999	-801.26965	232.4394	15.923517	-3666.3257	-801.2886	232.9708	-8.815371	-3734.9524	12.190914	3.4487453	41.782524	-7.07153	747.7129	22929.18	20002.85784626007
24	-4935.027	4597.7256	-2019.8806	-25075.129	-8561.618	752.17224	-7191.749	-9522.172	66.0	66.0	95999	-794.63153	224.3001	77.441475	-3319.8655	-794.6112	224.49666	-25.841803	-3148.1497	12.08497	3.3320081	43.0755	-5.56616	742.9935	23224.42	20865.07061123848
25	-4739.576	3869.6406	-1930.4036	-18123.23	-2595.5022	3.041958	-2590.9302	-2600.2983	66.0	66.0	99999	-819.8033	230.58736	-4.91808	-3162.578	-819.79205	230.27531	-53.196	-3158.2449	11.947067	3.2031138	41.65397	-4.1701794	769.95	24623.38	21726.750732183456
26	-3720.6477	4139.702	-1758.8413	-20595.703	-22759.004	176.19728	-22406.186	-22853.846	66.0	66.0	103999	-851.7788	220.61015	-115.61038	-3081.3286	-851.7744	220.68416	-155.44833	-3092.0964	12.087242	3.2045374	41.656494	-4.558751	800.2336	25085.508	22582.12675690651
27	-4891.7373	5578.9497	-2071.1753	-22382.73	-16032.977	4947.512	-2630.005	-20312.496	66.0	66.0	107999	-860.64655	238.40991	-36.45838	-3005.9976	-860.6709	238.63301	-46.705513	-3058.619	12.13807	3.2563698	40.802113	-3.5494666	811.04706	25886.062	23442.88676261902
28	-4132.077	3751.388	-1828.578	-18111.236	-5448.6514	2382.9597	-2122.1978	-9196.815	66.0	66.0	111999	-876.7126	252.87895	-49.123108	-3181.3943	-876.68005	253.24864	-27.082804	-3181.7935	12.134839	3.3261116	40.051975	-5.3471403	828.2017	25933.797	24303.56645298004
29	-6333.9565	5943.2686	-1551.4071	-20124.047	-11857.332	6962.2007	-2544.7097	-17721.068	66.0	66.0	115999	-878.41895	241.58853	-61.821537	-3041.7107	-878.41815	241.89522	-38.07637	-3015.492	12.04894	3.227307	44.521793	-7.1656866	829.8792	25521.166	25166.350613355637
30	-4169.8594	3498.2178	-2118.7334	-19564.416	-2568.9875	643.7749	-2217.3757	-4484.929	66.0	66.0	119999	-888.4125	235.755	-112.90869	-2862.9824	-888.4158	236.10042	-15.297914	-2825.195	11.914607	3.0855165	40.91138	-4.0869074	840.94763	26874.473	26029.648879528046
31	-6014.2666	5061.017	-2155.8184	-21933.504	-14936.3	1630.6011	-12321.612	-16377.595	66.0	66.0	123999	-887.30286	237.78369	-172.36765	-2828.1619	-887.29047	238.16772	-143.08919	-2766.7832	12.069387	3.2205265	58.35884	-6.593585	837.8595	26548.148	26888.18020272255
32	-2733.4983	2017.875	-2188.2908	-15069.972	-14260.447	284.74454	-13675.356	-14523.377	66.0	66.0	127999	-853.7191	237.53798	-156.6713	-2532.1982	-853.7062	237.5634	-130.49258	-2516.306	12.281865	3.2506342	42.350582	-4.3744283	802.8958	25126.764	27750.895657539368
33	-2722.1453	855.4181	-2246.4033	-8181.827	-2395.6528	13.492278	-2381.2659	-2423.5842	66.0	66.0	131999	-827.4231	229.09673	-124.06609	-2531.5598	-827.43225	229.06525	-112.03264	-2507.2395	12.177488	3.3838713	45.836044	-5.7045956	777.7084	22668.33	28614.253929138184
34	-4210.9395	4595.1187	-1703.7319	-22810.176	-2797.2422	509.133	-2387.933	-4215.2437	66.0	66.0	135999	-815.7652	222.12509	39.459667	-2621.1287	-815.7707	222.33438	5.484959	-2583.5642	11.959144	3.425158	58.116776	-6.532478	767.03064	22500.664	29472.4306576252
35	-2890.9116	2641.7222	-1776.4569	-21880.254	-2475.8872	4.1088157	-2468.396	-2480.9312	66.0	66.0	139999	-827.056	215.547	-59.163456	-2883.42	-827.0508	215.95644	-79.714066	-2903.7249	11.903326	3.3163319	45.221676	-5.6613164	780.8484	22833.412	30334.58212685585
36	-3815.3193	3398.062	-2110.2053	-21102.35	-7167.7603	1303.0593	-5652.245	-10154.777	66.0	66.0	143999	-859.3753	216.85919	-11.887725	-2656.261	-859.3561	217.38872	-56.612503	-2612.798	11.966611	3.3593907	48.1598	-6.2513227	813.025	23700.676	31193.2779815197
37	-4249.1084	3960.5364	-1973.053	-19868.512	-2310.5815	294.6436	-1945.1266	-2828.705	66.0	66.0	147999	-878.0549	215.6368	120.326454	-2589.7688	-878.05554	216.04408	10.838284	-2564.733	11.90975	3.3106961	38.66964	-4.28432	833.39154	24303.0	32055.66199183464
38	-3903.9727	3339.9446	-2155.2668	-15942.805	-2298.123	3.4091456	-2293.291	-2306.2896	66.0	66.0	151999	-884.0854	214.8203	2.7244122	-2718.1128	-884.0914	214.85844	-24.546087	-2794.634	12.056308	3.3927038	53.773087	-5.890555	838.303	24966.57	32917.61091065407
39	-2499.8513	573.682	-2008.7578	-6314.203	-1907.469	71.05013	-1775.5137	-2043.7106	66.0	66.0	155999	-880.6051	208.91652	-86.40493	-2958.1152	-880.59973	209.13326	-89.35867	-2977.9224	12.097251	3.2964787	54.725555	-5.624036	835.4372	25252.371	33776.058483839035
40	-4362.5986	4363.4624	-1862.5795	-20692.916	-25204.139	7.363661	-25193.629	-25216.498	66.0	66.0	159999	-887.4145	210.24197	-70.4426	-2675.2207	-887.3948	210.51904	-73.36467	-2631.8384	11.849866	3.2372227	46.98668	-7.0478797	843.3298	25030.688	34639.32721877098
41	-4626.007	4274.5483	-2010.063	-23742.041	-3349.6062	1298.7795	-2391.5715	-7165.59	66.0	66.0	163999	-885.9535	222.09216	-26.24708	-3102.6204	-885.95526	222.61133	-23.860476	-3110.0957	11.892716	3.2114222	45.479908	-5.611311	842.0118	25552.639	35497.58061623573
42	-3993.3855	3708.887	-2019.2294	-20603.906	-2265.5186	13.988446	-2249.7932	-2300.2505	66.0	66.0	167999	-887.9645	234.76213	101.915955	-2886.1038	-887.9715	235.09813	128.62823	-2919.2986	11.856554	3.2055788	47.538982	-7.3695683	844.37256	25850.918	36362.99071288109
43	-2615.6406	1188.2045	-1812.3865	-11347.884	-2885.3513	30.78151	-2830.4968	-2927.6777	66.0	66.0	171999	-900.6289	232.24217	99.9766	-2756.1433	-900.6238	232.78456	92.721855	-2772.2458	11.838275	3.169717	55.803673	-4.9970117	857.2575	26118.828	37228.73472285271
44	-3919.5679	3850.1785	-2151.271	-21586.645	-2332.228	34.591595	-2305.4734	-2406.2651	66.0	66.0	175999	-910.99426	225.78151	103.967575	-2759.877	-911.0048	225.95952	88.73781	-2725.754	11.7778425	3.1283324	46.447655	-5.0718527	868.84485	25316.955	38095.24707555771
45	-3393.8423	2234.4932	-1907.9254	-14561.384	-2267.6213	15.905018	-2228.2615	-2284.315	66.0	66.0	179999	-921.44586	221.55362	105.62289	-2529.4146	-921.43494	221.66174	89.25205	-2599.0366	11.8105135	3.1721356	58.564224	-4.977717	879.8159	26053.568	38973.89453911781
46	-3870.4001	3200.073	-1891.0463	-15525.34	-2118.6597	127.72588	-1945.5413	-2243.1985	66.0	66.0	183999	-934.69824	222.03555	-133.27296	-2916.589	-934.6846	222.27196	-81.20799	-2857.294	11.835563	3.0870407	56.59004	-6.141734	893.98376	26024.396	39848.2022998333
47	-2360.1162	254.88364	-2080.4084	-4160.5156	-2258.578	24.051666	-2223.7322	-2285.9512	66.0	66.0	187999	-924.6215	222.97954	-137.15048	-3125.8176	-924.62274	223.06255	-127.16201	-3047.0122	11.925325	3.0647216	54.502117	-9.328759	882.17065	25148.586	40725.225390672684
48	-3559.7698	3201.3784	-2205.9417	-17400.492	-2895.7583	66.24714	-2801.4521	-2971.1594	66.0	66.0	191999	-918.18585	218.08177	-98.89634	-2945.6519	-918.1849	218.37112	-85.16489	-2939.5396	11.827972	2.9865994	47.389385	-7.0729804	877.9974	25034.12	41601.99078774452
49	-3726.4539	3526.1716	-2081.5283	-20344.773	-2213.1743	11.727373	-2194.765	-2227.9797	66.0	66.0	195999	-921.9887	221.81117	-130.51805	-2569.8428	-921.9923	222.16731	-122.406624	-2533.8691	11.879196	3.0778186	58.195656	-5.67834	882.00275	25470.947	42475.59111618996
50	-3043.1897	2887.619	-2014.3613	-21723.902	-5936.0303	1555.1229	-3929.3574	-9679.707	66.0	66.0	199999	-900.9598	214.20558	-29.584122	-2665.9832	-900.92487	214.85512	-100.88329	-2592.3987	12.056201	3.301684	66.99509	-5.9298315	859.38416	24750.787	43354.45041203499
51	-3972.4978	3332.573	-1979.5863	-14319.084	-2134.243	5.1302147	-2124.1575	-2140.0273	66.0	66.0	203999	-907.87634	214.13574	-55.384773	-2608.754	-907.8666	214.52164	-121.3236	-2560.5088	11.92915	3.1926825	53.852966	-7.6887307	868.16785	24941.396	44228.43934226036
52	-2787.2188	1521.6426	-2033.9144	-10565.542	-2603.7356	211.32187	-2257.281	-2869.165	66.0	66.0	207999	-906.7764	214.69997	-127.35753	-2604.232	-906.7883	215.04909	-108.376976	-2637.0896	12.003731	3.1537378	48.3844	-5.435651	866.85205	25207.047	45107.21804237366
