Epoch	AverageEpRet	StdEpRet	MaxEpRet	MinEpRet	AverageTestEpRet	StdTestEpRet	MaxTestEpRet	MinTestEpRet	EpLen	TestEpLen	TotalEnvInteracts	AverageQ1Vals	StdQ1Vals	MaxQ1Vals	MinQ1Vals	AverageQ2Vals	StdQ2Vals	MaxQ2Vals	MinQ2Vals	AverageLogPi	StdLogPi	MaxLogPi	MinLogPi	LossPi	LossQ	Time
1	-877.9004	333.6512	-327.64896	-1883.4163	-444.7746	10.811926	-428.46545	-468.97266	17.427948	17.0	3999	-230.22232	169.60638	0.13345325	-1277.112	-230.24435	169.5802	0.0030684676	-1277.1971	4.32256	3.865902	30.413654	-11.509567	217.87955	1726.4156	855.1749560832977
2	-621.9858	353.1063	-294.9885	-2707.9844	-389.63245	2.8965948	-385.37964	-394.2524	18.555555	17.0	7999	-368.70792	219.10663	11.116835	-1678.623	-368.70786	219.15497	-2.463201	-1681.7953	6.1960692	3.5148299	29.943203	-10.684849	351.74826	1473.2727	1707.817505121231
3	-522.8383	336.59192	-280.47772	-1667.125	-413.19556	83.71957	-322.7194	-592.5538	17.189655	17.0	11999	-346.56543	195.25964	34.207462	-1669.5789	-346.55832	195.34103	11.105857	-1650.4509	5.9603777	3.5442681	35.34205	-11.958705	335.7603	697.2909	2587.762021780014
4	-434.59253	154.65884	-280.873	-1480.9602	-395.1307	82.224434	-308.09802	-531.8015	17.284483	17.0	15999	-325.42984	195.47214	41.56688	-1566.7151	-325.4284	195.5124	50.46648	-1588.7589	5.779437	3.6412985	33.90383	-11.702455	316.7971	424.31793	3468.922367811203
5	-333.21988	43.14257	-255.513	-694.90393	-323.65436	2.7417014	-320.60205	-327.82538	17.064102	17.0	19999	-304.96057	180.65944	79.06845	-1617.4816	-304.96118	180.6836	74.77839	-1648.5767	5.677559	3.688655	33.96328	-11.431705	297.3809	321.3363	4353.9545567035675
6	-315.0583	119.54542	-238.08463	-1630.6434	-282.02148	4.8518443	-275.37958	-288.27905	17.132479	17.0	23999	-287.49677	167.96846	92.798744	-1578.4109	-287.49695	167.9944	93.17244	-1588.9172	5.39495	3.6486738	37.80907	-15.591381	281.02695	242.34158	5238.646372556686
7	-290.33313	21.58135	-245.45229	-446.78973	-282.90225	2.5892813	-278.85992	-286.45547	17.034187	17.0	27999	-275.52512	159.27406	67.38032	-1564.4067	-275.5234	159.2959	62.08524	-1582.2771	5.0161166	3.7014894	37.93018	-13.572838	269.84875	201.21805	6126.375059843063
8	-273.9789	17.545008	-242.48514	-356.1773	-262.30423	1.5605383	-258.89313	-264.89093	17.038298	17.0	31999	-263.4062	150.55367	36.35766	-1583.8236	-263.40573	150.56964	51.99855	-1588.8662	4.762057	3.6427245	39.01476	-12.088311	258.31113	172.18982	7014.444407701492
9	-266.37558	19.423412	-220.77661	-483.9545	-262.51758	4.8368444	-248.79953	-266.70087	17.068085	17.0	35999	-253.2804	141.83012	64.3043	-1575.7484	-253.2798	141.8439	55.375866	-1568.6517	4.8256683	3.585754	39.54769	-11.688322	248.45639	154.3954	7902.32944560051
10	-262.16888	44.67812	-201.70795	-666.4434	-241.57248	0.7383351	-240.22409	-242.34293	17.098713	17.0	39999	-247.00587	136.32286	97.12657	-1585.4131	-247.00565	136.33841	112.47705	-1586.3937	4.712184	3.4691489	33.238224	-12.29047	242.63335	140.44669	8786.799877882004
11	-251.92883	13.878834	-204.64943	-316.08963	-249.42114	8.533517	-238.08759	-258.3029	17.098291	17.0	43999	-239.93044	132.24767	130.91765	-1614.6604	-239.92976	132.25621	122.423515	-1600.8566	4.684442	3.4469326	35.254684	-12.077709	235.62605	128.38182	9674.27011179924
12	-250.11765	19.029186	-202.31697	-353.2772	-244.15259	2.1439214	-241.17345	-248.936	17.262932	17.0	47999	-232.30676	126.665825	118.88399	-1615.1804	-232.30734	126.679955	119.8862	-1611.2261	4.6314616	3.4613268	42.306885	-12.943104	228.11499	117.99651	10558.306472301483
13	-244.19899	13.072448	-205.65755	-313.72192	-237.72908	4.9938364	-226.6353	-242.40317	17.150215	17.0	51999	-227.68935	123.133026	61.395462	-1612.5518	-227.68924	123.13865	79.7591	-1611.4918	4.5901155	3.3909745	39.207787	-11.457743	223.79456	109.180374	11443.646683454514
14	-237.50359	11.498886	-206.08563	-307.45447	-222.1545	6.225137	-215.23906	-233.56967	17.034042	17.0	55999	-222.7431	119.6242	63.97192	-1594.0638	-222.74118	119.632034	50.539825	-1651.2468	4.5483956	3.406681	41.79778	-12.828234	218.96675	101.88175	12332.09391117096
15	-233.25858	15.819697	-199.83064	-393.24136	-233.97903	1.475164	-232.29991	-236.49995	16.983051	17.0	59999	-218.08362	115.84941	76.60657	-1611.8724	-218.0843	115.85328	74.67562	-1631.6512	4.4895306	3.3716173	37.91976	-11.469384	214.38966	99.33622	13220.640038728714
16	-230.54166	10.875939	-196.12251	-258.30182	-218.7974	5.339764	-215.85786	-234.45515	16.987234	17.0	63999	-214.49014	113.748505	111.80845	-1609.9293	-214.48949	113.755356	98.41168	-1630.1105	4.4223585	3.3324444	42.348747	-15.245823	211.01967	91.25736	14109.251328468323
17	-229.77457	11.781064	-192.23257	-266.90128	-231.08276	0.766171	-229.82483	-232.45302	17.004255	17.0	67999	-211.96162	112.53839	158.98593	-1643.6438	-211.96065	112.544525	154.73328	-1648.8568	4.3202677	3.3560805	40.61019	-12.961126	208.56491	94.071976	14997.553923845291
18	-228.57802	20.474653	-191.70831	-434.59955	-208.67896	6.470999	-192.72784	-221.32382	16.957626	17.0	71999	-207.94164	108.03158	35.23248	-1688.4857	-207.94162	108.03434	46.110096	-1706.9241	4.1965017	3.3545797	36.22993	-12.735198	204.66187	87.152275	15887.035845041275
19	-223.17781	11.917248	-189.2275	-255.77309	-230.3586	1.0296378	-228.45471	-231.55829	17.00851	17.0	75999	-205.63838	106.843834	23.658966	-1632.8062	-205.63943	106.84349	2.619453	-1649.4357	4.1073647	3.3229027	34.093887	-12.109005	202.5189	83.43015	16775.02207684517
20	-219.7271	17.891066	-176.03436	-382.49716	-198.51163	9.853276	-187.77362	-216.90535	17.0	17.0	79999	-202.78317	105.77178	28.037516	-1620.8641	-202.78354	105.770676	26.019444	-1655.9468	4.052581	3.2905912	41.04249	-14.406992	199.70706	75.97989	17665.957480192184
21	-219.47588	21.815722	-169.98882	-426.92123	-202.61484	3.8939567	-199.66125	-214.11969	17.025532	17.0	83999	-200.09734	104.67103	51.102818	-1679.6956	-200.09663	104.67475	35.150837	-1625.0668	3.9631152	3.291306	42.1195	-16.951729	197.10205	78.05566	18554.345482110977
22	-217.37218	19.331997	-179.17125	-382.79263	-213.92163	8.357148	-196.06107	-225.80956	17.042734	17.0	87999	-197.33736	101.36779	41.77561	-1651.3104	-197.33643	101.36487	38.726128	-1694.8955	3.9004087	3.2878997	38.74235	-11.936435	194.42561	75.28014	19442.39446091652
23	-215.26785	14.452922	-179.56578	-262.07532	-182.25168	10.573058	-166.66997	-199.69424	17.076595	17.0	91999	-195.24854	100.14793	42.280636	-1614.7772	-195.24794	100.149185	46.737637	-1624.6704	3.8937042	3.313394	43.881943	-11.679057	192.35518	74.825	20330.997676849365
24	-215.38539	25.308945	-158.3491	-477.26694	-199.72084	9.826331	-188.70483	-219.25351	17.107296	17.0	95999	-193.68834	98.58928	43.249737	-1594.1849	-193.68687	98.58939	43.173157	-1645.5922	3.8136313	3.3403802	40.21996	-11.428201	190.86665	71.763275	21216.758289575577
25	-214.51765	14.083966	-167.50671	-257.14505	-203.15689	7.3743973	-194.50366	-211.99765	17.094017	17.0	99999	-191.52815	96.2842	29.972115	-1574.4955	-191.52673	96.2851	36.631	-1602.3104	3.715413	3.3088436	45.066853	-13.08144	188.77867	69.4728	22104.11611199379
26	-211.2738	15.86654	-161.57123	-251.57082	-210.61606	9.30089	-182.77232	-214.4552	17.055319	17.0	103999	-190.12962	94.91399	-3.1009755	-1635.7233	-190.12968	94.90899	16.726385	-1625.9313	3.7154605	3.294707	34.853516	-12.701234	187.48497	67.96738	22994.127804517746
27	-208.99545	18.11571	-156.49211	-364.8624	-210.35324	4.785025	-196.84282	-214.52519	17.00851	17.0	107999	-188.43504	93.40541	23.635021	-1586.2528	-188.43433	93.402336	56.94629	-1588.589	3.62091	3.2641003	38.935116	-13.906126	185.8025	65.53537	23883.023274183273
28	-209.47096	15.175628	-163.4969	-278.0583	-180.1315	8.303959	-160.2543	-197.24931	17.017021	17.0	111999	-186.5077	91.95545	39.999012	-1644.6394	-186.50752	91.95708	59.561653	-1636.559	3.5161617	3.2827919	44.618065	-11.809321	183.92484	63.945236	24772.011230945587
29	-206.92757	14.36828	-159.97362	-240.16351	-185.35068	4.764692	-182.71132	-199.53181	17.004255	17.0	115999	-185.62978	91.86798	-2.7086549	-1678.1971	-185.62904	91.87117	6.815425	-1690.9886	3.5680428	3.3071582	37.89578	-12.555503	183.12509	64.6117	25660.474231243134
30	-209.12569	13.660641	-160.6629	-261.34946	-209.29407	5.971494	-200.16837	-215.1433	17.029787	17.0	119999	-184.51144	90.90546	19.153078	-1692.0405	-184.5108	90.90192	57.984657	-1664.5192	3.4683838	3.3121686	42.305756	-15.859064	182.0059	65.97104	26549.77620100975
31	-207.51286	14.05644	-162.72815	-243.81668	-215.13318	4.4560976	-202.22096	-218.19836	17.034042	17.0	123999	-183.01926	89.510635	24.376871	-1645.803	-183.01852	89.50336	75.464386	-1659.3744	3.427851	3.2981954	41.29369	-13.709112	180.56357	63.934998	27439.033106565475
32	-206.7448	14.789695	-161.5525	-284.5568	-218.42874	3.2576613	-208.87605	-220.287	17.025532	17.0	127999	-181.73335	86.8579	45.674538	-1631.1097	-181.73305	86.85722	88.49406	-1617.598	3.3839366	3.305958	43.721363	-12.43922	179.29652	60.89945	28328.937509536743
33	-207.4599	16.620451	-159.39783	-287.5119	-198.0802	13.0183935	-174.26314	-208.54082	17.025532	17.0	131999	-180.8528	87.61204	32.950962	-1628.5941	-180.8524	87.60727	14.575313	-1638.2196	3.3660357	3.297345	36.199684	-13.106283	178.5079	57.624725	29219.01136445999
34	-207.76645	15.938675	-153.33112	-331.77704	-197.29271	6.4437604	-190.2551	-205.3551	17.017021	17.0	135999	-179.67487	85.15963	42.694984	-1670.2471	-179.67322	85.16219	23.226137	-1659.4896	3.2169688	3.2887063	37.08261	-14.083117	177.35855	56.367924	30107.255855560303
35	-201.53601	20.438478	-164.51875	-401.9825	-197.34758	9.24421	-175.73529	-205.64468	17.017021	17.0	139999	-179.11021	86.411316	108.97896	-1601.0981	-179.1102	86.408356	58.85858	-1600.6527	3.2716627	3.2902656	37.53301	-13.452117	176.83362	54.574455	30996.622270822525
36	-202.18788	15.590659	-162.07373	-256.59558	-175.88632	4.5085063	-173.54105	-189.30891	17.004255	17.0	143999	-177.7754	82.83492	42.55533	-1626.9812	-177.77458	82.83168	36.54308	-1619.6477	3.1664793	3.286888	37.641182	-12.51875	175.5219	55.835384	31885.190639972687
37	-198.73814	15.002623	-155.07948	-235.73114	-184.74393	7.630118	-177.8231	-197.47423	17.012766	17.0	147999	-177.346	84.21383	35.922276	-1703.9286	-177.34547	84.213974	96.31829	-1707.1221	3.2201872	3.2938688	39.630848	-11.973374	175.13773	54.9747	32772.53660655022
38	-198.88861	15.193132	-156.3078	-235.95677	-200.69551	13.546368	-184.40105	-214.07489	17.004238	17.0	151999	-176.5194	81.83849	63.902943	-1767.4045	-176.51894	81.83482	2.3460119	-1765.5697	3.1267848	3.377681	43.125645	-14.62324	174.34085	56.756844	33663.465760707855
39	-196.62746	16.011723	-150.60034	-289.79437	-202.34915	7.161916	-186.06668	-213.23624	16.987234	17.0	155999	-175.37434	81.89546	83.64543	-1749.4705	-175.37427	81.897224	36.963314	-1683.8767	3.1517844	3.359793	37.39137	-15.017813	173.13911	53.10569	34552.276773929596
40	-196.527	14.626795	-159.24893	-242.38394	-201.43854	10.50648	-177.64534	-210.78835	17.012766	17.0	159999	-174.11116	80.08158	37.464664	-1699.4736	-174.11095	80.08299	12.517726	-1704.1697	3.1061528	3.3540068	40.840958	-17.340136	171.8873	53.632023	35441.17403125763
